[1.4261022306e+00,
1.1069362893e+00,
5.2147329870e-01,
-1.7466193317e-01,
-8.3130822152e-01,
9.3353437929e-01,
1.2139198216e+00,
1.9196516059e+00,
1.2302129100e+00,
1.0632603127e+00,
7.2640982968e-01,
9.8264765932e-01,
1.7775732942e+00,
1.1948930098e+00,
9.2889334734e-01,
6.7214025607e-01,
8.4488315649e-01,
1.7406825314e+00,
9.1605623727e-01,
6.6582004457e-01,
4.6395419194e-01,
5.8874365832e-01,
2.5940182453e+00,
8.2281837574e-01,
6.1244321818e-02,
1.9994732464e-01,
4.2345310757e-01,
2.2265153949e-01,
-1.0798917387e+00,
-2.2951476656e+00,
1.2793750138e+00,
4.8109488986e-01,
-2.8519237055e+00,
-4.1663125838e+00,
-4.5571201328e+00,
1.5653499878e+00,
1.8978799880e+00,
6.7085686067e-01,
3.2818194185e-01,
2.3799010022e-02,
2.0153177425e+00,
2.1654111677e+00,
6.5987633437e-01,
3.8207458459e-01,
2.3281137704e-02,
1.0315060947e+00,
2.2414104084e+00,
2.1664761247e+00,
1.7809901675e+00,
1.3520188806e+00,
1.0953685865e+00,
2.7099231130e+00,
2.3540463669e+00,
1.6855516196e+00,
1.1930688984e+00,
9.5785377543e-01,
1.5948222115e-01,
-2.0844653503e+00,
-3.3928027324e+00,
-3.8804199398e+00,
1.2231432663e+00,
6.0575277958e-01,
-2.7006424092e+00,
-3.9596111998e+00,
-4.5910687207e+00,
2.1537117921e+00,
2.3011995176e+00,
4.5686976923e-01,
-1.5798469605e-01,
-4.9233136617e-01,
2.3177052936e+00,
2.1941651087e+00,
1.2175788323e+00,
1.1163819787e+00,
9.3620767114e-01,
1.2714787076e+00,
2.4824690458e+00,
2.2629750696e+00,
2.1489380050e+00,
1.6998091963e+00,
8.3937070443e-01,
2.5170167657e+00,
2.2760362357e+00,
1.7776939260e+00,
8.8068543512e-01,
7.4082718204e-01,
5.5208601790e-01,
-2.5965707833e+00,
-3.6238009715e+00,
-3.5015314282e+00,
1.2954560281e+00,
9.6724416871e-01,
-3.3973415755e+00,
-4.7236128198e+00,
-4.6896556151e+00,
1.9234052391e+00,
1.5357219382e+00,
-1.6829123908e+00,
-2.7511139194e+00,
-2.6887457918e+00,
2.3200464643e+00,
1.9614783915e+00,
-1.9195089704e+00,
-2.8236717580e+00,
-3.0758972963e+00,
1.6756989505e+00,
2.1907277494e+00,
2.5003453398e-01,
-1.2727902629e-01,
-3.8518944193e-01,
1.6537710671e+00,
2.6803129750e+00,
2.0925854002e+00,
1.4974153373e+00,
9.5362083738e-01,
6.8739767550e-01,
2.9652581026e-01,
-2.9155423102e+00,
-3.9694475401e+00,
-4.0808619177e+00,
1.1984698062e+00,
8.2220196925e-01,
-4.0290405341e+00,
-5.2951246854e+00,
-5.2861353556e+00,
2.0676899332e+00,
1.5706186833e+00,
-3.0551951728e+00,
-3.9802288193e+00,
-3.8563943600e+00,
2.4430740659e+00,
1.8217122077e+00,
-3.2188410194e+00,
-3.9083339297e+00,
-3.2833516687e+00,
1.8451706223e+00,
2.0927501456e+00,
-2.6392501544e+00,
-3.3463942645e+00,
-3.1875943076e+00,
7.5058938835e-01,
2.5162049185e+00,
8.5523922227e-01,
1.0097647585e+00,
9.4462786110e-01,
7.3643942931e-01,
5.7489346424e-01,
-3.1807310512e+00,
-4.2430906983e+00,
-4.4300126937e+00,
3.5746447780e-01,
5.9049470659e-01,
0.0000000000e+00,
0.0000000000e+00,
0.0000000000e+00,
7.3511114357e-01,
1.6815022852e+00,
0.0000000000e+00,
0.0000000000e+00,
0.0000000000e+00,
6.9879913706e-01,
1.4190343834e+00,
0.0000000000e+00,
0.0000000000e+00,
0.0000000000e+00,
6.8857256567e-01,
1.5902997419e+00,
0.0000000000e+00,
0.0000000000e+00,
0.0000000000e+00,
3.8714068898e-01,
7.9113836171e-01,
0.0000000000e+00,
0.0000000000e+00,
0.0000000000e+00,
-4.1353396748e-01,
-3.2783274883e-01,
0.0000000000e+00,
0.0000000000e+00,
0.0000000000e+00,
5.9074705874e-01,
-8.2686673188e-02,
1.3490411354e-01,
8.1808551480e-01,
8.1284684482e-01,
-7.6853810020e-01,
-2.4348239825e-01,
2.9291135827e-02,
1.2473786911e+00,
1.2228402190e+00,
1.8105165329e-01,
-6.6273334609e-01,
-3.9346332528e-01,
1.5441576956e+00,
1.5494503663e+00,
-8.5604793997e-01,
-7.9893898426e-01,
-7.3114021737e-01,
1.1963605459e+00,
1.2210547593e+00,
-9.0141631237e-01,
-1.1167218636e+00,
-5.5620826703e-01,
1.9277607161e+00,
1.5743249631e+00,
-6.1901995365e-02,
-3.1464387720e-02,
2.8729396330e-01,
7.8707972202e-01,
1.0148670048e-09,
3.8636175739e-01,
1.0422015781e+00,
1.3532834800e+00,
3.7229149746e-01,
1.1022766322e+00,
7.7328184106e-01,
4.9489423587e-01,
6.4986453890e-01,
7.7978120609e-01,
6.3589884537e-01,
7.3866523509e-01,
1.0877154172e+00,
7.6089083161e-03,
5.9997952428e-01,
5.8025413650e-01,
6.8186696839e-01,
1.1863566449e+00,
1.0795491123e+00,
5.1548763289e-01,
7.4070969082e-01,
7.8786381156e-01,
8.3072728765e-01,
1.7831474894e+00,
2.0143598009e+00,
1.6118579785e-01,
3.9935041886e-01,
-1.4650427349e-01,
1.4006883523e-01,
5.1958274617e-01,
1.6268814081e+00,
1.2295474656e+00,
8.2751737454e-01,
1.0734503514e+00,
1.0991805548e+00,
0.0000000000e+00,
0.0000000000e+00,
2.7291915554e+00,
2.3485873741e+00,
2.5098943117e+00,
2.2152158577e+00,
2.4467990141e+00,
0.0000000000e+00,
2.4051113654e+00,
2.8476721659e+00,
2.3012856644e+00,
1.9206482514e+00,
2.1848757396e+00,
0.0000000000e+00,
1.8237873561e+00,
2.5607076290e+00,
0.0000000000e+00,
1.9604306297e+00,
2.2703183299e+00,
0.0000000000e+00,
1.4408648707e+00,
2.1257379863e+00,
2.2821836154e+00,
2.7166667404e+00,
2.3924055883e+00,
0.0000000000e+00,
1.3919277246e+00,
2.3113221392e+00,
2.7861266425e+00,
2.2597375758e+00,
9.1159954593e-01,
0.0000000000e+00,
1.4549093918e+00,
1.6012358725e+00,
2.4504829621e+00,
1.7546926695e+00,
1.8096462765e+00,
0.0000000000e+00,
1.8711906529e+00,
-9.8150749138e-01,
3.6277246255e-01,
-3.2455434754e-02,
5.0846818537e-02,
4.4096661288e-02,
1.2130949811e+00,
2.6569576910e-01,
7.9832729085e-02,
2.4148344625e-02,
7.9612017612e-06,
1.0486506798e-02,
-3.2201416747e-01,
7.3340810053e-02,
3.0565191499e+00,
3.5157580469e+00,
0.0000000000e+00,
0.0000000000e+00,
-2.2853981146e-01,
-1.9879749097e-01,
4.4720484943e-01,
1.0183953543e+00,
1.8773878992e+00,
9.7320359783e-01,
9.6955393449e-02,
3.1382783934e+00,
1.8435708080e+00,
-2.8721270175e+00,
-3.0106412095e+00,
-2.7734759980e+00,
-5.4439285375e-01,
2.4317162442e-01,]